0 0 0 0 0 0 
-0.00747847 -0.498533 -0.015809 -1.05388 -0.00855078 -0.569929 
-0.0298996 -0.995642 -0.0632127 -2.10543 -0.0341479 -1.13434 
-0.0671363 -1.48434 -0.142001 -3.14297 -0.0762975 -1.66601 
-0.11604 -1.77162 -0.244406 -3.67311 -0.120058 -1.2317 
-0.173102 -2.02557 -0.3615 -4.1143 -0.14867 -0.644165 
-0.237063 -2.22832 -0.489888 -4.41797 -0.156433 0.170849 
-0.307714 -2.46845 -0.616921 -4.01853 -0.13691 1.1838 
-0.384322 -2.6243 -0.729008 -3.42061 -0.0821292 2.52234 
-0.473474 -3.30623 -0.827849 -3.13186 -0.0156701 1.96061 
-0.581766 -3.89571 -0.91462 -2.6138 0.0390746 1.75389 
-0.704397 -4.26131 -0.986094 -2.11264 0.101718 2.4884 
-0.83643 -4.52673 -1.03915 -1.38836 0.192063 3.58829 
-0.982252 -5.17649 -1.05322 0.473063 0.299422 3.62437 
-1.13724 -5.13878 -1.04106 0.356437 0.405768 3.51017 
-1.28959 -5.00316 -1.03073 0.350428 0.512542 3.64547 
-1.43667 -4.79205 -1.01899 0.448742 0.626374 3.9677 
-1.58387 -4.9858 -0.998818 0.895574 0.7266 2.77727 
-1.73394 -4.99138 -0.965189 1.34829 0.796341 1.92057 
-1.88089 -4.78808 -0.919228 1.71978 0.852977 1.88383 
-2.02032 -4.49442 -0.861825 2.10902 0.910787 1.98871 
-2.14987 -4.13252 -0.792622 2.50481 0.973114 2.17515 
-2.26944 -3.82321 -0.70394 3.40214 1.03054 1.66551 
-2.37062 -2.92659 -0.59867 3.61682 1.09461 2.58386 
-2.4472 -2.18162 -0.489356 3.66743 1.17839 2.9734 
-2.50172 -1.45568 -0.378917 3.68847 1.27118 3.17952 
-2.53465 -0.740226 -0.268571 3.65717 1.3671 3.18032 
-2.55033 -0.295756 -0.158972 3.63164 1.45294 2.51779 
-2.55188 0.199388 -0.0517815 3.4952 1.5167 1.70867 
-2.53807 0.723591 0.0495425 3.23909 1.55401 0.755124 
-2.50563 1.41927 0.146816 3.22456 1.59743 2.1019 
-2.45438 1.96927 0.241615 3.06998 1.67757 3.19561 
-2.38931 2.33636 0.329385 2.75294 1.78654 4.02884 
-2.31671 2.50779 0.399577 1.89793 1.89585 3.23748 
-2.23867 2.6959 0.441744 0.891074 1.97975 2.34276 
-2.155 2.87904 0.45189 -0.231126 2.0358 1.38621 
-2.06217 3.2941 0.458747 0.671306 2.08198 1.68702 
-1.96465 3.19063 0.485335 1.07932 2.12807 1.38703 
-1.87179 2.98138 0.522178 1.3548 2.16538 1.10481 
-1.78693 2.6561 0.565332 1.50146 2.19474 0.860478 
-1.71188 2.32588 0.60011 0.800457 2.22389 1.09396 
-1.64864 1.86999 0.612535 0.0170299 2.26114 1.40337 
-1.60084 1.29751 0.600645 -0.815187 2.30904 1.80762 
-1.57294 0.543211 0.562601 -1.72149 2.37157 2.3835 
-1.56942 -0.328503 0.497503 -2.61287 2.45357 3.11133 
-1.5938 -1.31465 0.406378 -3.44884 2.56013 4.02721 
-1.63943 -1.66693 0.301846 -3.48024 2.66442 2.89849 
-1.69012 -1.65279 0.200043 -3.26541 2.73204 1.57298 
-1.73538 -1.31943 0.108223 -2.82215 2.75668 0.0381832 
-1.77734 -1.44956 0.0365388 -1.93134 2.77083 0.886304 
-1.82081 -1.42544 -0.00625078 -0.900132 2.8089 1.63809 
-1.86164 -1.27834 -0.016357 0.242095 2.86845 2.32287 
-1.88744 -0.416332 -0.0124073 0.0349469 2.92008 1.10114 
-1.88576 0.53179 -0.0137908 -0.125418 2.9339 -0.181765 
-1.856 1.43344 -0.0201885 -0.311253 2.90954 -1.42847 
-1.80636 1.84668 -0.0204268 0.27699 2.86035 -1.83092 
-1.74721 2.06054 -0.0048729 0.735591 2.80102 -2.10073 
-1.68492 2.05607 0.0221601 1.04012 2.73565 -2.23745 
-1.63275 1.41364 0.0435942 0.373546 2.68396 -1.21072 
-1.60048 0.732787 0.0439101 -0.359426 2.6629 -0.19352 
-1.58904 0.0256955 0.021852 -1.11008 2.67247 0.836163 
-1.57888 0.650116 -0.02384 -1.93164 2.66312 -1.45861 
-1.55448 0.965088 -0.0866863 -2.25844 2.60755 -2.23993 
-1.5219 1.18815 -0.159433 -2.59353 2.52916 -2.97784 
-1.4855 1.2177 -0.244253 -3.06177 2.4291 -3.6863 
-1.45011 1.12091 -0.343068 -3.52231 2.30831 -4.36204 
-1.41951 0.898332 -0.455193 -3.94246 2.16754 -5.02133 
-1.39931 0.506295 -0.553895 -2.61716 2.04805 -2.96311 
-1.38661 0.36712 -0.611316 -1.20083 1.98932 -0.95286 
-1.37064 0.697937 -0.639001 -0.643061 1.96679 -0.546296 
-1.34484 1.01879 -0.64994 -0.0892818 1.95661 -0.133351 
-1.30981 1.30997 -0.644692 0.431206 1.95866 0.26639 
-1.27015 1.32143 -0.633399 0.311528 1.98009 1.15855 
-1.23101 1.28542 -0.629099 -0.0332603 1.99791 0.0261054 
-1.19342 1.21025 -0.635841 -0.422589 1.9815 -1.12213 
-1.15922 1.05284 -0.654752 -0.841351 1.93045 -2.28416 
-1.13074 0.845509 -0.692907 -1.69979 1.86051 -2.38121 
-1.1084 0.646916 -0.756381 -2.52243 1.78754 -2.48165 
-1.09169 0.472359 -0.84349 -3.26889 1.71188 -2.55498 
-1.08216 0.177599 -0.943955 -3.4082 1.64276 -2.03926 
-1.08017 -0.0311145 -1.0467 -3.41935 1.59053 -1.4234 
-1.08326 -0.163204 -1.1478 -3.29948 1.55859 -0.684975 
-1.08421 0.105364 -1.24145 -2.92525 1.55633 0.551189 
-1.07861 0.271945 -1.32244 -2.46067 1.57198 0.503646 
-1.06771 0.45635 -1.3884 -1.92756 1.5871 0.511514 
-1.05115 0.648634 -1.43765 -1.3507 1.60298 0.550259 
-1.03451 0.46075 -1.47307 -1.0076 1.61497 0.251333 
-1.0235 0.273447 -1.49797 -0.650329 1.61819 -0.0351015 
-1.01811 0.0851088 -1.51196 -0.280908 1.61296 -0.311926 
-1.01528 0.103823 -1.51262 0.237405 1.60541 -0.191402 
-1.01486 -0.0764077 -1.50617 0.191423 1.60034 -0.147228 
-1.01306 0.19606 -1.50335 -0.00419007 1.59507 -0.20396 
-1.00983 0.018592 -1.49782 0.371607 1.59213 0.00652149 

